281.0558080856608
146.94960003122165
48.47340262421279
28.966340692255997
24.066574058095142
19.887669699386304
17.301050042252985
15.872823337279543
14.934849160905214
13.441268084676926
12.351214829759478
10.388706075067548
9.445505918338357
8.706214017566294
8.184974205215557
7.80033028959342
7.713286545579498
7.2309603456184695
6.940480663827698
6.642649118689527
6.336516407908019
6.087326782822876
5.766336854039675
4.968922915297079
4.493363098402103
4.1552193666112665
3.982119051021516
3.622881321040499
3.4382696273597526
3.3727475612560576
3.319392893393508
3.2334490680782877
3.155272932046641
3.046806325950707
3.0209634608529647
2.975755879401465
2.9375928853043307
2.9024270060621085
2.870001208959677
2.8464463147864745
2.782434361212371
2.773903602197011
2.7149306686626646
2.6849123870782314
2.648636495395615
2.633381644306171
2.6196096441120975
2.5966185791868113
2.5731322700075827
2.545452793136572
2.5281765097458826
2.5059346080163754
2.4744591326537657
2.4713728437865647
2.4531850750242943
2.4306307995103897
2.4114582248239502
2.4080412812229905
2.3977680858460233
2.373229208899537
2.3666983620138384
2.3721918985666406
2.336685749653622
2.3210192222007744
2.318147300037994
2.310136069778969
2.2923959446579154
2.281252889859894
2.28659743398143
2.2869611604744846
2.25939817942719
2.2548860789314524
2.247218819998535
2.2385421412812545
2.229651675753128
2.2295068185969673
2.2329334236930345
2.2006536908022625
2.186766618490889
2.2047870319009415
2.1902888821028133
2.1812392661431566
2.175348916712703
2.1686176757046116
2.165362588501662
2.167447903149723
2.142628443033781
2.1389286903729166
2.128684190849013
2.1336502253857663
2.1260074921383514
2.1144898466318627
2.1097748719772658
2.1058688793870175
2.10043812869994
2.093787518380655
2.077506051044141
2.0780877374835867
2.071088447853717
2.0690951495397814
2.060763037215736
2.058608248125057
2.04735955319557
2.0452476240275987
2.033603530527126
2.026695623762406
2.0245753206545114
2.0163127934469918
2.0127182347525197
2.0008223987934803
1.9981436504443746
1.9843197115112032
1.9777741796049977
1.9738059774733245
1.9634419816550268
1.9582686884524816
1.9492440820668935
1.9426871566557136
1.9336445738181425
1.9263924417763008
1.9189926624315157
1.9111172060719521
1.9028757517079717
1.895056103441018
1.8872156230456973
1.8792830413653372
1.87084313417537
1.862335335132333
1.8541776582317662
1.8464703350785774
1.8352192394192095
1.8272424060662111
1.8195111770460346
1.8103259847585007
1.799539693853769
1.7920707259463162
1.783110740442856
1.7729384132244566
1.7643630640049204
1.7536537645668955
1.7469200719704387
1.7373517378516312
1.7299210178018252
1.7200379560446513
1.7128279590535507
1.7029029247233227
1.6954877488142206
1.6862272647170549
1.6783491660156196
1.6698073941955343
1.6628999932419362
1.6542633341267974
1.6470647228572033
1.6386753315693363
1.6310905118867847
1.6223942653729346
1.6151144836581681
1.6079023389381255
1.5991345250813818
1.5923924142212773
1.58404312083914
1.5760969526862516
1.568646524382518
1.5607468010161567
1.5521586740010045
1.5445331251546899
1.5374152988053644
1.5298437939252738
1.5229358251957796
1.5158665551963875
1.5092093911611402
1.5022850641032932
1.4950968846579042
1.4880205925328132
1.4795690852282743
1.4725750087595484
1.4656589115808567
1.458707095291494
1.4515689596539159
1.4449079567237444
1.4379766593619252
1.4311053135136107
1.4242760232866996
1.417234728492967
1.41027089561147
1.4031106121785983
1.3959445489130664
1.388607110724411
1.3812913280895787
1.3731652452871868
1.3673167361711749
1.3580961144885086
1.3493642368638676
1.3448828544542986
1.3312558408321213
1.3274106425028935
1.3167517543661351
1.3131413029551924
1.3034848166800117
1.2998351252569624
1.2912600231303604
1.2863661158301367
1.279800036418386
1.274560545495184
1.268580470443149
1.2634685508795227
1.257840126907224
1.2530062042859453
1.247527062677466
1.242906390717796
1.2376010556193908
1.233133612718962
1.2280049741961447
1.223638353893846
1.218705979054092
1.2143764143505051
1.2096717304575932
1.2053799026079735
1.2008709045638382
1.1966596474347353
1.1923255192296698
1.1882469068756136
1.1840573253018338
1.1801194242743558
1.17610365763075
1.1722081601400793
1.1681466694465164
1.1641707667788577
1.160392992522046
1.1566237292890824
1.153264844034823
1.1496863155724688
1.1459387525418727
1.142679423894529
1.1391325351959067
1.134225530758932
1.1309166869824614
1.1279402755725
1.1251807160939435
1.1209404569546342
1.1168814191218615
1.1145783709132566
1.111613104389522
1.108581789100324
1.1055216269099009
1.1024377572665416
1.0994049843473832
1.096405452856181
1.0934721584169886
1.0905996636193966
1.088000566768664
1.0854249534662532
1.0830294364327437
1.080766784148579
1.0786125611025228
1.0765507570499389
1.0745726407801761
1.072673057665853
1.0708393211546297
1.0690695048822911
1.0673476303374445
1.0656781493578125
1.0640556721030296
1.0624749055795413
1.0609292419869183
1.0594206703352258
1.0579448047466489
1.0565002845735467
1.0550859770859633
1.0536968556106303
1.0523317298935357
1.0509899906866365
1.0496713057462483
1.0483740231227194
1.047095697209168
1.0458376675802117
1.0445973985004395
1.0433730091538909
1.0421672566472235
1.0409759691087912
1.0398001301040247
1.038640337643342
1.037493707276244
1.0363604744457342
1.0352416831123188
1.0341345225145258
1.0330399800221324
1.0319583753183814
1.0308866091721027
1.029828759287624
1.0287799434774305
1.0277425635289963
1.0267148869462512
1.0256980057152802
1.0246922109191323
1.0236949497361858
1.0227066017251187
1.0217287026306496
1.0207589667971477
1.0197980774100264
1.0188457872105365
1.0179027874336464
1.0169677601705438
1.0160403845377792
1.0151212293958118
1.0142100345167915
1.0133063518949907
1.0124097228990496
1.0115206091993385
1.01064002856807
1.0097643038228297
1.008897632946241
1.0080364402419686
1.0071828231219884
1.006335008847398
1.0054942308432306
1.0046596927567921
1.003831275519112
1.0030087352156905
1.0021929842205812
1.0013831759298832
1.0005786521887257
0.999780798128753
0.9989874566670748
0.9982007283484078
0.9974189246258746
0.996642583492694
0.9958719506418865
0.9951064169411471
0.9943460037937935
0.9935907527786083
0.9928406246917593
0.9920956685163284
0.9913549869874568
0.9906192272375189
0.9898886029506496
0.9891622065163692
0.9884408162897246
0.9877231357218383
0.9870104761967444
0.9863023967700856
0.9855985375230399
0.9848988248436539
0.9842037657810794
0.9835121832442234
0.9828254650007237
0.9821420613342452
0.9814631340754629
0.980788142622225
0.9801172974410404
0.9794496848223165
0.9787866324371635
0.9781265199529091
0.9774708550283798
0.9768183969833647
0.9761695736570889
0.9755247316897332
0.9748830085484775
0.974245231921772
0.9736104133375328
0.9729792274079389
0.9723515248808825
0.9717269239416394
0.9711056485897618
0.9704877007314224
0.9698728580639603
0.969261350687815
0.9686529332706543
0.9680475844936332
0.9674456064310853
0.9668465164178043
0.9662499202191864
0.9656567002232704
0.9650662121243382
0.9644791967519923
0.9638946587607494
0.9633126634843979
0.962733632839427
0.9621576001104123
0.9615840662785
0.9610129758801812
0.9604453201320434
0.9598796914530208
0.959317149457791
0.958756719661181
0.9581990831940534
0.9576440562110448
0.9570915651778376
0.9565412357148504
0.9559936249183313
0.955448733988257
0.9549057557755206
0.9543654138218624
0.9538274613855653
0.953291726217155
0.9527583908333067
0.9522275305609714
0.9516986768424287
0.9511719643212596
0.9506476429997458
0.9501252819029944
0.9496051282370593
0.9490876890756785
0.9485721948467736
0.9480588091615312
0.9475476393769034
0.9470383992008542
0.9465314669949301
0.9460261289255602
0.945522952871148
0.9450217993431873
0.944522706185536
0.94402568716321
0.9435301381622206
0.9430369232637524
0.9425456592186119
0.9420559831448614
0.9415685401333619
0.9410827435760072
0.94059900965905
0.9401167327388502
0.9396366884500572
0.9391581825174309
0.9386815624912737
0.9382067793825531
0.9377337292861603
0.9372621303196693
0.9367922045974713
0.9363245543424074
0.93585797871217
0.9353935358123394
0.9349303927368975
0.9344689262555537
0.9340093459578782
0.933551168823782
0.9330948090151567
0.9326397527641667
0.9321866842443455
0.9317347997267511
0.9312844091154586
0.9308354587526957
0.9303884976908393
0.929942446728752
0.9294982075822225
0.9290559392083908
0.9286146307205305
0.928174332016029
0.9277363825025118
0.9272996313893194
0.9268640018037108
0.9264299060356533
0.9259973756683434
0.925566054381688
0.925136044802307
0.9247077103482584
0.9242802316374191
0.9238541355666084
0.9234291851235578
0.9230063784072966
0.9225848271959171
0.9221644652981417
0.9217448501110275
0.9213269167456098
0.9209102393923909
0.920494699194836
0.9200805059531675
0.9196669561247892
0.9192559995687051
0.91884425601203
0.9184358104265464
0.918027107731247
0.9176203506499866
0.9172142748714676
0.9168099850902571
0.9164062695718617
0.9160041790642705
0.91560229719345
0.9152023353275079
0.9148033994156013
0.914405271857329
0.9140087270786499
0.9136131064710065
0.9132176036417319
0.9128244270055739
0.9124310829660021
0.9120405399760183
0.9116496921627734
0.911260376791643
0.9108717446025775
0.9104843898366551
0.9100985597725727
0.9097130395617431
0.9093286939914862
0.9089451659564991
0.9085629198226534
0.9081814756129402
0.9078003230794945
0.9074213692172234
0.9070426322983425
0.9066657298055351
0.9062884216611701
0.9059118722089265
0.9055379239259698
0.9051622782335964
0.9047913561102867
0.9044182874100757
0.90404762680819
0.9036773498184514
0.9033104626484283
0.9029384646643773
0.9025779278860061
0.9022058006509993
0.9018438053978021
0.9014782214398674
0.9011186132595216
0.9007535270465366
0.9003943653049882
0.900031959370498
0.8996749506348131
0.8993153996199666
0.8989574504650728
0.8986004244438108
0.8982457628928842
0.897886844450184
0.8975357164868902
0.8971785490642987
0.8968271363546851
0.8964736991496581
0.8961238792369959
0.8957704191865807
0.8954216571444312
0.8950705607895244
0.8947233179727765
0.8943736006544754
0.89402831364263
0.8936810288804431
0.893335127890111
0.8929873055769105
0.8926436778304254
0.8922979267899206
0.8919560102012944
0.8916104150428648
0.8912670207321617
0.8909264209540856
0.8905826601877419
0.8902364300239413
0.8899022593177525
0.8895538932148163
0.8892168641123067
0.8888747120877667
0.888534310015123
0.8881879343502684
0.8878419404962835
0.8874817081152837
0.8870318313770393
0.8866837594714037
0.8863342198524493
0.8862497411761476
0.8852969546849725
290.4075550993135
128.83928786802701
43.13427732870824
26.36818717695894
24.14857893532951
15.089203142998704
13.75894734732023
12.917353729977798
14.641896594131412
13.504306050463043
13.28605166418725
12.004257152680573
9.187382989037603
7.649415788851769
8.06783309406474
7.591612198744785
5.995299807409626
6.66989943757202
6.462361185388065
5.868012523615776
5.9283084465167555
5.412274950863934
5.216572835530026
5.856119706411806
4.448799890142323
4.058631220809282
3.817152500899436
3.715630919901438
3.3927006717003043
3.3266439755671158
3.190024427376166
3.3318576408513696
3.1170838337995312
3.0736794550686555
2.99895961924457
2.9519362996852205
2.925837444734628
2.8927137220540513
2.858762410318956
2.8150418968736424
3.0933948303329175
2.798813644473531
2.7363688918192337
2.689122799989473
2.679385411535909
2.657472518325942
2.6144637835805145
2.5862752055835974
2.5927473195224757
2.5986247080134253
2.5338710962276636
2.538859980590912
2.5929555985364847
2.511366650834946
2.4945702942996197
2.5074582881462666
2.528001443177283
2.465420304467815
2.4385720486038838
2.4368987314884856
2.4243753855017425
2.394021233872284
2.403263375450276
2.369446247898537
2.3739365259936043
2.3558816941207845
2.368866797580161
2.421159971311834
2.354574707256321
2.331712755770299
2.3324523075619075
2.316419274173652
2.305374194364205
2.3334110274554147
2.3624532967838623
2.2930008827013824
2.2788774485876586
2.2919340398549934
2.3529043159035763
2.267431514833275
2.256953553180674
2.2512679652796144
2.2433190632330926
2.2371616370956455
2.2293670718790852
2.2186565004630654
2.2521270900283197
2.2290052219488863
2.267196295489827
2.1954921134544247
2.1989930585619475
2.204948110512565
2.2160373233185426
2.178113989721001
2.1950562559682196
2.180889065567436
2.2183903025382747
2.186229749105515
2.1836111896948283
2.1471819009810322
2.1746519882162745
2.1458794389231266
2.1588725087603113
2.130547050194619
2.140716383054724
2.154501773416204
2.1389606301409327
2.1294178606652703
2.110171538107244
2.112335866472485
2.0840201892166488
2.105671981238642
2.081431519052994
2.078705717896025
2.067456059340587
2.0670157834816663
2.039557332275274
2.04413688158608
2.020234265298902
2.0149394545765325
1.9989225422812937
1.9974158881429398
1.9916117546887948
1.981111224377585
1.97152495729852
1.9602737777540888
1.955803437780652
1.946941118725771
1.9356682818219246
1.9262635193924635
1.9296433697794886
1.9355544447222701
1.9058752294990704
1.9026485625871938
1.9053881355893922
1.9003554466615347
1.8700638129905853
1.867199091737601
1.8613563224701046
1.8492545601187371
1.8314678837127925
1.8327680165971165
1.8114695008349064
1.8156269752634442
1.793159661897682
1.796607628586374
1.7752354875754122
1.7785736287043177
1.758260289198157
1.7606277490324331
1.7392903408353784
1.7433792182470729
1.7222779093404617
1.7252271256314975
1.7162898759046537
1.6976038645166822
1.6888913669028829
1.6878825918385063
1.6723221665309678
1.6719081658555268
1.660447056196192
1.6482340694449533
1.6473906532671097
1.6322915903598385
1.624242501151236
1.6149333495080473
1.6143485021578468
1.6012549726352796
1.5960580544325118
1.5889199613581122
1.5807763947137479
1.575298744049401
1.570313305607771
1.561134629985178
1.553015622872441
1.5485266318462998
1.5387766107138001
1.5300216239912203
1.5234599297490954
1.5160854975665277
1.5089027821601857
1.501998037476964
1.4948055485345468
1.4873121006626278
1.4800607425251313
1.4724730927965197
1.465407422726967
1.4582063453619167
1.4515083527479133
1.444500936471184
1.439513990214004
1.4271635279302417
1.4262187380654812
1.4201553123261215
1.3957035121189298
1.3861234111215281
1.392869878129453
1.3808363828531602
1.3806816264220376
1.3650513420626122
1.3643196556455717
1.3551801866971276
1.349871432128074
1.3407840875333719
1.337359353122079
1.329719429573023
1.326969921228519
1.3189730376590714
1.3169080480412683
1.3089755705655712
1.307203263590494
1.2994179532899333
1.297795304006171
1.290328777527481
1.2886856916924703
1.281701189739292
1.2798059869248128
1.2732249134297138
1.2711092927451126
1.2649277742893088
1.2626101448118137
1.2568114088237976
1.2542421273290774
1.248896302706549
1.2458914443827267
1.2414636829374692
1.2374376739629638
1.2326171506193246
1.2293180778460104
1.2260671474958167
1.2225716348010012
1.2184231393914804
1.2155541863686992
1.209886632581098
1.2068313011314058
1.2025320447859889
1.1978486349830868
1.1958406400716493
1.1930869856119808
1.189038944092118
1.1844684170130966
1.1800351769121427
1.1771969332862517
1.1742207829326305
1.171005537967793
1.167715755444692
1.1642695734105146
1.1608112951638832
1.157242392028917
1.1536277791005605
1.1489141642134906
1.1444186406955594
1.1400291436387697
1.1358281552499114
1.131964652049571
1.1284024909907304
1.1251153890200931
1.1220475709066273
1.1191664194476727
1.1164580643734867
1.1139194183226333
1.1115063931890277
1.1092348212069467
1.1070613715924285
1.1050030030758766
1.1030228907688324
1.1011315494510296
1.0993111443536394
1.097550963880868
1.0958634141458934
1.094221803215942
1.092633786753795
1.0910853579533746
1.0895871294553674
1.088124393119936
1.0866957120951855
1.0853070687574424
1.0839525820640126
1.0826213018408122
1.0813236147315806
1.0800518193788113
1.07879513459177
1.0775758925961434
1.0763748676541958
1.0751954236982573
1.0740381362483464
1.0728983468105793
1.0717773942185316
1.0706759448342484
1.069587085387164
1.0685257233251357
1.0674721062815464
1.0664353681050434
1.065415718247052
1.0644036093229836
1.0634149397310708
1.062437493207306
1.0614687230589255
1.0605191647070242
1.0595776932475942
1.0586464827527986
1.0577257938300395
1.0568197852127061
1.0559281591742622
1.055040913536123
1.0541692794900124
1.053304759620633
1.0524476781947254
1.0516026428755427
1.0507672313217107
1.0499392088040578
1.049123233394031
1.048313906804298
1.0475128633185768
1.0467197627420914
1.045938922012055
1.045160332344005
1.0443930688291025
1.0436295670154807
1.0428761786200673
1.0421306223565845
1.041390999272177
1.0406582721034574
1.03993183778852
1.0392082589538236
1.0384982373043679
1.0377913132969383
1.0370935512020427
1.0363946092511631
1.0357077643047892
1.0350265852027194
1.034350615153033
1.0336750229494376
1.0330092501509043
1.0323482156764319
1.031692460651034
1.0310400315387136
1.0303999324678346
1.029756594728574
1.0291218967553608
1.028492271825834
1.0278683683651817
1.0272460531724825
1.0266286513708227
1.0260176699008723
1.0254087223153554
1.0248077717990427
1.0242072297095592
1.0236162784060807
1.0230227473129532
1.0224383002122932
1.021855347056768
1.0212779868118855
1.0207017822914741
1.0201328251915076
1.0195662932628895
1.019002666390657
1.0184432301405046
1.0178859300203476
1.0173351568682791
1.0167881114779158
1.0162419701680057
1.0157006346130995
1.015164390240564
1.0146275069632684
1.0140953532408596
1.0135678234922385
1.0130392409125055
1.0125215330769697
1.0120030397300515
1.0114844686994577
1.0109722454991223
1.0104617128811044
1.0099580795770835
1.0094521921545554
1.0089524088934472
1.0084550855917316
1.0079560950682502
1.007463321136073
1.006972901198002
1.0064883745003361
1.0060033095683498
1.005523271209293
1.005044041827468
1.00456716878178
1.0040919681036127
1.0036201062814936
1.0031467533048366
1.0026819589147407
1.0022168513770977
1.0017566492106984
1.0012984478737141
1.0008379780810828
1.0003823430641223
0.9999280837948806
0.9994805103138291
0.9990300416715955
0.9985839190483484
0.9981424014022927
0.9976973459293212
0.9972594538155325
0.9968225442982447
0.996384461858013
0.9959514974933342
0.995520873746282
0.9950921863719362
0.9946648130031298
0.9942405874934371
0.9938162579275672
0.9933918562655725
0.992974214818441
0.9925547494432635
0.9921429157664924
0.9917261009105561
0.991314678928071
0.9909038616671064
0.9904958129717821
0.9900860937483128
0.9896803056696449
0.9892810314648476
0.9888759249088573
0.988474827075626
0.9880792279793948
0.9876830766894433
0.9872910321754991
0.9868967409985627
0.9865085562647757
0.9861110463409597
0.9857243238604322
0.9853376781707192
0.9849549277516146
0.9845685104581533
0.9841884075566938
0.9838056244782849
0.9834279645490435
0.9830461756109651
0.9826713415182158
0.9822991742644308
0.9819233094903401
0.9815536935770055
0.9811829052281585
0.9808133826619557
0.9804443998465894
0.9800797769709768
0.9797132214393942
0.9793501641493254
0.97898893756327
0.9786262473236819
0.9782680828575625
0.9779093449373137
0.9775507344073762
0.9772005775689991
0.9768460880875031
0.9764874894504322
0.9761374546323157
0.975784419436765
0.9754406240323567
0.9750896882412027
0.9747411097473787
0.9743970132430273
0.9740538969285093
0.9737118092133875
0.9733677945067855
0.9730279880848709
0.972687534250494
0.9723472096831006
0.9720138308107166
0.9716703302096268
0.9713443402337917
0.9710026027880442
0.970675082414053
0.9703446194666144
0.9700077146924801
0.9696804369120963
0.9693518599736991
0.9690248110917511
0.9686960929465314
0.9683743242737767
0.9680465761466661
0.9677241976375613
0.9674006966457626
0.9670817630458787
0.9667630987823742
0.9664393316150329
0.9661264966701985
0.9658015177674114
0.9654893058061393
0.9651777616829396
0.9648593627792105
0.9645481333623889
0.9642323466755148
0.9639198984533738
0.963614660115199
0.9633016300798624
0.9629963755210068
0.962683516903515
0.9623824135724778
0.9620710634555131
0.9617657244358968
0.9614608616947108
0.9611612316128451
0.9608640714329372
0.9605537171375071
0.9602598792277145
0.9599526357407084
0.9596625843585384
0.9593623424623073
0.959065966251352
0.9587586917593048
0.9584853995994026
0.9581568873583507
0.9578975940963207
0.9575886533290577
0.9572986764342314
0.9569945518281394
0.9567240739551192
0.9564249056731234
0.9561432747363812
0.9558435982689079
0.9555659044865353
0.9552845408694352
0.9549919349811568
0.9547017764172856
0.9544390759430031
0.9541375739864276
0.9538728350324736
0.9535792992905278
0.9533055589523958
0.9530153494362773
0.9527519161845225
0.9524696970527112
0.9521965233915172
0.9519053538422114
0.9516436935263103
0.9513574181739174
0.951085068132338
0.9508207510027993
0.9505589222006313
0.9502829224311983
0.950016031434657
0.9497351945056124
0.9494845676650115
0.9492189961358252
0.948938192155529
0.9486857605477365
0.9484511146021039
0.9481322485486219
0.9479196222597359
0.9476449784146809
0.9473902197623323
0.9471371108967279
0.9469237959461975
0.9467073639421325
0.9465774991402407
0.9472469626064105
0.9470263487409049
0.9464235584927209
0.9448657575476673
0.9461494957434358
559.2969819226996
309.87605990625605
153.28914316415504
110.29950404013296
91.00018849006221
78.12414999996058
69.24484098119763
66.3465801016312
60.97711473805373
55.36968457366378
49.724204708718396
41.94634232213701
39.360977884432174
38.69064491380598
36.53350946350035
34.73159806306317
36.23267419265936
33.18487050426942
31.8583414763517
30.7886824789243
29.170970556848697
28.30801094083637
26.98126254194395
19.59688376581316
19.072745193984133
18.32819304014155
17.955809593852035
15.31043052608572
15.243424479008008
15.025985903885662
15.164690586110872
14.053994227125337
14.050788620700656
13.822134651964603
13.1695466022369
13.10121084643569
12.986490365044768
12.878359544800608
12.757261290967804
12.77798977308913
12.449319426340479
11.852344496588644
11.761353604820505
11.758970190064588
11.654843626831422
11.672780616176572
11.753671171894302
11.652499394488503
11.466770636140241
11.286307508514305
11.456664873046952
11.076145980528173
11.042275693579192
10.761238820707428
10.683076304652852
10.627778972243178
10.46255206671759
10.241099226769123
10.292355033778053
10.237138000104252
10.220477704165674
10.287061308248974
10.057973515957336
10.203496721322269
9.888867770613537
9.888041090895143
9.830224553288819
9.615470072168769
9.578409775407843
9.568895474326611
9.57883654804455
9.587521887505739
9.483956244420762
9.443758823517372
9.292607963379952
9.275819453016943
9.319061891017503
9.310321174061098
9.077505112277395
8.997506677670742
9.00516851649824
8.997071768928551
8.979449268526139
8.960244467645461
8.942910813013745
8.911665810418047
8.973965037474626
8.884423596545421
8.672019577984265
8.713482965390478
8.68291566101574
8.678525092134318
8.63540387076099
8.61124687011709
8.575768846332203
8.540468509105432
8.38521087847743
8.411396201732677
8.380745628091551
8.34629300567523
8.28244507113705
8.282454947126377
8.222738304945663
8.224972272329792
8.142779227826153
8.150707815652384
8.101364711236576
8.06809510455002
8.0402389107351
7.989732059709084
7.979411745247762
7.955498883386261
7.848073103272026
7.849628707864137
7.80054117153674
7.774467784796468
7.690359117759893
7.715355728141158
7.639547940920895
7.61841616964515
7.557257351122636
7.544620433714094
7.532046430625869
7.483493135913419
7.46440457722436
7.428229313825496
7.416055920954335
7.386203228309687
7.354290408402076
7.325302970645871
7.342080975259673
7.312497062271575
7.279505484676672
7.199677705686901
7.2651136525865
7.145011086262673
7.1594697802077
7.066641263041525
7.108457674811206
7.057028824453794
7.052136860517791
7.004313321285859
6.993553883719083
6.951449250309992
6.938315999008487
6.904991179623245
6.887294524695669
6.859298816085054
6.846584126698922
6.823973546656347
6.809026611326591
6.782735584182325
6.7688725957177445
6.745424516391892
6.753301241811605
6.729360869822813
6.704701267536657
6.701048764618417
6.687068375987319
6.67014286309567
6.660563727496865
6.635328320008167
6.6190914715715765
6.603073073867752
6.579321863385856
6.546812900522532
6.539202920631976
6.513580113141981
6.498174673903421
6.47979457293427
6.459376611477322
6.442847063733666
6.426197881407821
6.410364839909235
6.392014023735332
6.373245963365965
6.3490002634074765
6.33093952728094
6.314820031081369
6.2984637088708455
6.282122566264543
6.266949920428225
6.2516221086470685
6.236666939697226
6.222104959724786
6.207782250464395
6.193299697375782
6.1791251825222515
6.163148557483447
6.15253297771864
6.119499377047166
6.114050698732687
6.106468231795758
6.055013763752687
6.0533469921281196
5.984649035038449
6.023661936332019
5.94699831816484
5.983717638203177
5.89439946542273
5.937853061423792
5.853548537640589
5.902438579117368
5.8095851007174035
5.864300370855528
5.777599506805406
5.8293946048906875
5.746396721847529
5.794576238920637
5.716711583591518
5.7606943031468765
5.687888718005797
5.727408048439297
5.6601546212514835
5.69484769369825
5.633354700479177
5.663011660341961
5.607012923951447
5.631200690537053
5.581773037644446
5.59957148735096
5.557498177747483
5.568343978972248
5.534072917872869
5.537857659594651
5.511671511177666
5.508978162754619
5.48971305202222
5.484131436791849
5.469610181127167
5.460808858739104
5.4458500307623
5.438048483726804
5.422675580668078
5.414640095515036
5.3889324544715675
5.404738266843512
5.390014485212279
5.37934386038791
5.359936507997076
5.3707872285636
5.354353304697294
5.343635466308264
5.333575956040565
5.324708578691648
5.3163902788823005
5.308134290700878
5.300002671848083
5.292018716533655
5.284589718946764
5.2769026833584975
5.271409210378264
5.2672283459766005
5.263425496865164
5.259877499164174
5.256502869224021
5.25321233704483
5.249962047400757
5.246744656265398
5.243527752374831
5.2403754678535215
5.2371934204384205
5.233997080803184
5.2308037407027514
5.227615776258384
5.224393365118036
5.221159289695201
5.217907085167593
5.214639838477248
5.211381016338504
5.2081116800999245
5.204832023582889
5.201537859528758
5.198240877561287
5.1949430531423495
5.191634957852789
5.188331928206506
5.1850337046163855
5.181719899779748
5.1784180265022615
5.175114339310025
5.171803843669735
5.16850652768818
5.16521204336082
5.161914747752796
5.158629005688595
5.1553445807359175
5.1520619305599205
5.148792595222423
5.145513245194668
5.1422578510961685
5.1390002511370865
5.135754226023838
5.132509989577461
5.129265148982642
5.12604276107642
5.1228271201427695
5.119610372792557
5.116409396345
5.113215380427475
5.110026246941336
5.10684221467341
5.103672053857127
5.100515228998891
5.097360251016209
5.09421765666649
5.091083257061707
5.08796105903198
5.084844724203598
5.08173364025442
5.078642844291998
5.075551491012917
5.072477755140588
5.069408884920327
5.066354188488516
5.063306774370535
5.060268834765977
5.057241955827865
5.054225857620799
5.051213681620378
5.048216465022716
5.045231908677177
5.042252034462741
5.039289621975807
5.036329801327627
5.033386352599744
5.03045023487365
5.027522980579539
5.0246056185348555
5.021702280689129
5.018806776756696
5.015919586783995
5.01304458119052
5.0101817172433165
5.007327011557754
5.004479401065041
5.001645549709475
4.998821415831391
4.996009754434674
4.993203619393328
4.990404788291891
4.987622678402716
4.984845490415707
4.9820789120646145
4.979324572280962
4.9765767829135275
4.973841590830989
4.971113242513037
4.968396303198248
4.965686226768008
4.9629913851067995
4.960299525803749
4.957625715015777
4.954947660782822
4.952291680264667
4.9496377729027
4.946993796765967
4.9443622349108525
4.9417330278978
4.939119176142069
4.9365119937084465
4.933913392766828
4.931327250060938
4.928745979604645
4.926174073237539
4.923610233678055
4.921054619947708
4.91850558286139
4.915971964475863
4.913439697635097
4.910921518012791
4.90841261856315
4.905905775047063
4.903414535565015
4.900920736227746
4.898441583717563
4.895976801491009
4.893510289736164
4.891054186457077
4.888609063494996
4.8861711330177355
4.88373747358141
4.881315852448222
4.878898928532265
4.876494456709284
4.87408987202333
4.87169538588123
4.86930852400956
4.866935184003624
4.864563095275394
4.862196432906174
4.859843503311359
4.8574906792525105
4.855150664235285
4.852816234074099
4.850490046142762
4.848165073493706
4.845854032348183
4.843555262264387
4.84125061786933
4.838960180001802
4.8366731686658735
4.834391636066406
4.832118717579509
4.829850896907285
4.827593533459271
4.825339821304944
4.8230950023586
4.8208593887118125
4.818626900308493
4.81640181679805
4.814177637215057
4.811967929163498
4.809757855031832
4.8075599936817675
4.805363704892648
4.803174773276106
4.800991664205748
4.798814699109051
4.7966411482421245
4.794482823028372
4.792315999498464
4.790168941007935
4.788021399452513
4.78587920613192
4.783743414278526
4.781625051123636
4.779493949842709
4.77736914044626
4.775263189533525
4.773158443455615
4.7710544415552105
4.768966376418981
4.766863790540828
4.764786504189072
4.762702893962914
4.760632876431095
4.758559781003936
4.756494003500397
4.754447579382877
4.752393624999443
4.750338786934136
4.748298007745363
4.746260757681611
4.744216472367501
4.7421947440378664
4.740184966919462
4.738152583104927
4.73613987125629
4.734136399402563
4.732132708640354
4.730133160893999
4.7281429986620624
4.72615185682774
4.7241645445146085
4.722188518311138
4.7202202080758
4.718252008964455
4.71627079922072
4.714304414738271
4.712352478356382
4.710411470779704
4.708458635964216
4.706512505738989
4.704576103599748
4.702637521545397
4.700720544741098
4.698770797138422
4.6968802469262085
4.694933054889452
4.693035358689642
4.691124696210964
4.689217042550689
4.687313195004614
4.685418403677305
4.683522031969248
4.681643956581023
4.679757978516265
4.677868168373512
4.675996815409314
4.674112260620036
4.672246137949524
4.670398333243047
4.668518798434348
4.666673923902901
4.664793712768681
4.662954309774729
4.661112253049688
4.659268046074576
4.657426891437836
4.65557738235927
4.6537454328403385
4.651922699393321
4.6501026550910245
4.6482751050713675
4.6464493956888075
4.6446505194229255
4.6428174737447465
4.641008320560437
4.639191391750775
4.63740412220222
4.6356236983701224
4.633797076940836
4.632031903734691
4.630199380872593
4.628432185417907
4.6266427815453035
4.624861994171824
4.62304313660811
4.621350404646448
4.61945693099983
4.61781228024567
4.615994490718892
4.61424911483996
4.612428386953937
4.610746970374602
4.608969133262323
4.607262675509641
4.605474897895095
4.603760806292277
4.602042930025501
4.600312581171259
4.598555829004997
4.596909805854602
4.595119909473068
4.593463720794862
4.591714025169182
4.590021315494994
4.588275859312548
4.586628092738306
4.584900129535398
4.583227241343198
4.5814893500330856
4.579833485698831
4.578099525193845
4.576427229762817
4.574756503333446
4.573126172900531
4.571409242385584
4.569747132368032
4.568029782911903
4.566412756041442
4.56475157782737
4.563034869732793
4.561410466801051
4.559839746268846
4.557993928944406
4.556495202187752
4.554755398516367
4.553129812739186
4.551476254111347
4.549950461176727
4.5483697594824966
4.54704077935828
4.5476831788284
4.54604698349887
4.5436458654975524
4.54035004637766
4.5423981282930725
